23.940960616301204,88.11127659995606,0.0,0.0,0.0,20160819101127
23.940985245731145,88.11129221283767,0.011974519,3.1651136102767023,13.20099163217958,20160819101131
23.940994678750215,88.1112937000328,0.0,1.0597371759144685,3.338828216954994,20160819101134
23.941114325821093,88.11117348430305,0.0,18.06274199473423,20.400972325547173,20160819101325
23.941117512539254,88.11114145585259,0.0,3.2742196501077476,74.95537560664002,20160819101328
23.941120435797846,88.11108602551313,1.7043089,5.642647299728688,81.89284290560795,20160819101331
23.941119365050994,88.11101171421573,1.7441399,7.5530502781269115,87.76880352366481,20160819101334
23.941110281759638,88.11095725848635,1.7895569,5.62564024588333,65.74067497842117,20160819101337
23.941108303810985,88.11088872996068,1.7866176,6.967892581674267,85.53938436007763,20160819101340
23.941105835253474,88.11082984373083,1.8071829,5.990784703662861,83.5368814928973,20160819101343
23.94111519310352,88.11078307498629,1.835223,4.865583166332377,61.60714052803257,20160819101346
23.941116062334583,88.11073001902813,1.8967212,5.39283965642456,87.46708685604187,20160819101349
23.941108040679808,88.11067189186,1.9622806,5.97431157490648,69.55149602875213,20160819101352
23.94109272806085,88.11061636333919,1.9192382,5.894529181910302,53.311419422999194,20160819101355
23.94107837234204,88.11056780805961,1.79433,5.186346854040702,51.38051357841965,20160819101358
23.941058870006707,88.11051350095255,1.8254685,5.929875336806274,45.8623455705478,20160819101401
23.941033873136842,88.11047019664785,0.0,5.205188040054572,32.66410972579385,20160819101404
23.940989797509708,88.11041117951899,1.8059266,7.7455325608471535,26.356886050922782,20160819101407
23.940948571279577,88.11037143840363,0.0,6.109537512222464,19.629495135378363,20160819101410
23.940907930173022,88.11033324599467,1.8572462,5.957146346573534,19.17075140855016,20160819101413
23.940869702102308,88.1102919284147,1.9683242,5.9750227837852625,21.792269046038427,20160819101416
23.940811383771237,88.11025615984937,1.9770943,7.434063410829302,12.781297731553423,20160819101419
23.94076542233212,88.11022969734775,1.9862193,5.775082995709086,12.020346422577603,20160819101422
23.940725116866904,88.11021893264144,1.8910457,4.613354106577855,5.640358456056674,20160819101425
23.940679676101375,88.1101947395745,1.9937117,5.619237276927601,11.136574125374352,20160819101428
23.940644069934635,88.11017096624703,2.0585015,4.638182673408239,13.866072438936243,20160819101431
23.940583778039006,88.11013824686145,2.1296651,7.483498890111746,11.343284725838856,20160819101434
23.940532350453186,88.11011657569851,2.0858634,6.127943222149889,8.852673306478948,20160819101437
23.940491089108612,88.11010538010099,1.9936131,4.72702798440352,5.726293674365365,20160819101440
23.940448238976057,88.11009057180786,1.9520425,4.996738156018458,7.277473663420949,20160819101443
23.94040962859191,88.11007972543428,1.948217,4.43252885285687,5.925951621596283,20160819101446
23.9403607586267,88.11007061197171,1.9273976,5.512457112631334,3.941236388745324,20160819101449
23.940299091297415,88.1100507515301,1.9528098,7.14798147979339,6.784323139318474,20160819101452
23.940247195049622,88.1100360223284,1.8933113,5.961590148530852,5.98428936180909,20160819101455
23.940198304599953,88.11002234264284,1.9076223,5.6113199567873115,5.89946586623239,20160819101458
23.94014909401533,88.11000946913518,1.9393585,5.626199894253874,5.517450632613162,20160819101501
23.9400962415559,88.10998927783092,2.0081823,6.224872044351845,8.028437879008237,20160819101504
23.940020044900002,88.10996648751055,2.0310526,8.78355882624751,6.300329084952011,20160819101507
23.939983630528165,88.10995298087953,2.0021555,4.275437395454729,7.795556653388871,20160819101510
23.939939707912075,88.10994817904472,1.9586431,4.908292223342609,2.3104694686701066,20160819101513
23.939886767896805,88.10995302875635,1.9279497,5.907258349735358,1.9360890395043953,20160819101516
23.939886767896805,88.10995302875635,0.0,0.0,0.0,20160819101517
23.93987086665229,88.10995194279091,1.918593,1.7715788311755607,1.443558632688564,20160819101517
23.939837506393513,88.10994888253805,1.9130186,3.7225065430141018,1.9385057122887588,20160819101519
23.939819102992786,88.10994805359404,1.9182752,2.048098155866266,0.952076754880693,20160819101520
23.939783996619415,88.10994591797832,1.9151468,3.9096796223077783,1.2856141717761602,20160819101522
23.93976744800751,88.10994471198423,1.9108827,1.8441989533865137,1.5399524681272396,20160819101523
23.93973361217401,88.10994292237594,1.9033524,3.76676648723163,1.1176794964999317,20160819101525
23.939716693040832,88.10994226562849,1.895794,1.882505368927976,0.820282359141288,20160819101526
23.939682008602247,88.10994127720318,1.8940499,3.85804158430074,0.6021823179801231,20160819101528
23.93966499641845,88.10994064750543,1.8902197,1.8927507153538277,0.7820981923880197,20160819101529
23.939630633134957,88.10993745224467,1.8979388,3.834796720411666,1.9639031543439671,20160819101531
23.939613186512126,88.10993574740387,1.9014792,1.947697684172458,2.063688062634043,20160819101532
23.939578100514094,88.10993125737404,1.9035436,3.9279805458596075,2.701558602502814,20160819101534
23.93955938854864,88.10992837132146,1.9083284,2.1012473186083334,3.2547517538239674,20160819101535
23.939521658600547,88.10992483438896,1.917052,4.210749568754201,1.979369962138236,20160819101537
23.93950302425965,88.10992596352594,1.9204679,2.075219358113851,1.279673619115556,20160819101538
23.939466947683187,88.10992850090592,1.9180342,4.01981209378828,1.4851223800560547,20160819101540
23.939450258610254,88.10992854547993,1.9089607,1.8557457695885717,0.056406662159815824,20160819101541
23.93941741602897,88.1099295359693,1.895292,3.6533155027136,0.6368537889790105,20160819101543
23.939399401694445,88.1099310191013,1.891918,2.008765671770182,1.7380156948504464,20160819101544
23.939367828224864,88.10993007064981,1.8980045,3.5121326038926504,0.6342578334775908,20160819101546
23.939350859358104,88.10992862623401,1.9017527,1.8925535368319946,1.7966735696232092,20160819101547
23.939315124061814,88.10992677157917,1.9069215,3.97805160578931,1.0955842848107693,20160819101549
23.939296314426382,88.10992710382341,1.9097311,2.0918085722459607,0.37289225909682955,20160819101550
23.939261495435364,88.10992848676511,1.9220648,3.8742453455268904,0.8383607807297722,20160819101552
23.93924491871582,88.10992771005021,1.9216195,1.844936583641419,0.9889538067283468,20160819101553
23.939210372164013,88.10992852360968,1.9227235,3.842291003963226,0.49704068030132476,20160819101555
23.939193006115474,88.1099293357905,1.9246804,1.932779813950568,0.9869790918284025,20160819101556
23.93915749728702,88.1099296099303,1.924818,3.9484998692919175,0.16292767730828928,20160819101558
23.939140154411458,88.10993066579682,1.9199579,1.9314230048342325,1.284565922542356,20160819101559
23.93910507406279,88.10993242862305,1.9231426,3.9048687849783503,1.0602269250457539,20160819101601
23.939087527234584,88.10993429649753,1.9242091,1.9603312187455733,2.2449686913479354,20160819101602
23.939053839037072,88.10993558922252,1.9203326,3.7482598263196083,0.8095545044623123,20160819101604
23.939038614277052,88.10993423479088,1.9223809,1.6985030110203,1.8762093161243172,20160819101605
23.939006089080156,88.10993182599408,1.919824,3.624912684753928,1.5619491190193173,20160819101607
23.938989957442626,88.1099299666196,1.9183639,1.8036824226871926,2.4299899067275703,20160819101608
23.938956182880993,88.10992686687464,1.9199927,3.7687493588539143,1.9351319077698577,20160819101610
23.938938010065897,88.1099266980215,1.9216567,2.0207977059062134,0.19597688955374792,20160819101611
23.93890252644725,88.10992765196102,1.9208562,3.9467892722047875,0.5669691592163417,20160819101613
23.9388849833035,88.10992886179896,1.9236352,1.9545797630726283,1.4540788306792365,20160819101614
23.938849148443893,88.1099311625312,1.9294641,3.991509157963598,1.3536352686912778,20160819101616
23.938831345014485,88.10993267258607,1.9318798,1.985590641771545,1.7879305024720225,20160819101617
23.938796554235648,88.10993450378048,1.9474078,3.8730319504692634,1.1096356434863992,20160819101619
23.938776875122247,88.1099351980157,1.9477926,2.1893547341778663,0.7437372471054005,20160819101620
23.93874361105758,88.10993609620297,1.9588484,3.699921443433742,0.5692245079779923,20160819101622
23.938726598047634,88.10993665070136,1.9619265,1.8925995654641368,0.6870462012316239,20160819101623
23.938695219599676,88.1099353625276,1.9626234,3.4915794537119695,0.8652929325446053,20160819101625
23.938677887455015,88.10993533854665,1.9632579,1.9272480952728746,0.02916406905256963,20160819101626
23.938639781829625,88.10993901802051,1.959071,4.2536212449564745,2.034259690784779,20160819101628
23.938620838908893,88.10994187851827,1.9661349,2.126323627455514,3.179216733862063,20160819101629
23.938585041990702,88.1099473656833,1.9881393,4.019310113134114,3.226822274991491,20160819101631
23.938566882328566,88.10995108248636,1.985697,2.0542898744598705,4.304827366620543,20160819101632
23.938531814377036,88.10995861172073,1.9782702,3.9737484763036104,4.514545245925319,20160819101634
23.93851459571946,88.10996386893311,1.9649314,1.9877788566600796,6.406133325408632,20160819101635
23.938479481733314,88.10997499563793,1.9526728,4.064950795152754,6.645821454226734,20160819101637
23.938462102056477,88.1099815927347,1.9525083,2.0455320146785203,7.945327548667933,20160819101638
23.93842759758717,88.10999402858066,1.9544007,4.039525894939688,7.548077097241389,20160819101640
23.93841165843514,88.1099995807863,1.954438,1.8600099564987145,7.2976759859125195,20160819101641
23.93837848156828,88.11001037287365,1.954623,3.848691706955019,6.818956174245955,20160819101643
23.938359288464056,88.11001660048306,1.9555862,2.226047080423141,6.8016371017429265,20160819101644
23.938321951695954,88.11003172423897,1.9594988,4.427046172665262,8.46812541531574,20160819101646
23.938303956163065,88.11003950399346,1.9600174,2.151555162195426,9.028361619854422,20160819101647
23.93827195434586,88.11005175415367,1.9570178,3.7699451189697113,8.007820485169532,20160819101649
23.93825567766126,88.11005722735855,1.9614915,1.893433270096603,7.044495878644057,20160819101650
23.93822337571994,88.11006664404448,1.9558108,3.7171228248688233,6.114361970675873,20160819101652
23.93820641412828,88.11007211121182,1.9633502,1.9661848091515337,6.754503744082513,20160819101653
23.9381726829033,88.11008146817578,1.9626355,3.869414365722822,5.819488066232111,20160819101655
23.93815605109278,88.11008570912955,1.9661375,1.8989338270329956,5.352036774774888,20160819101656
23.938122234910757,88.11009317516141,1.9526315,3.8359814275351214,4.63702258659589,20160819101658
23.938104050776406,88.11009780076404,1.9538938,2.0759125732259975,5.338509145863554,20160819101659
23.93806848170963,88.11010713807717,1.9507949,4.067349275169411,5.507737903959196,20160819101701
23.938048806571352,88.11011208927111,1.9487965,2.2448973635783362,5.280837541615142,20160819101702
23.938013431546274,88.11011958498598,1.9601293,4.0066113345033525,4.449854615859067,20160819101704
23.937997544809807,88.11012301729707,1.9587017,1.8006358339749395,4.5365906228324775,20160819101705
23.937962046084216,88.11013114454153,1.9603889,4.0327709503865306,4.80571322974447,20160819101707
23.937944555799053,88.11013549698637,1.9447018,1.9945007794532954,5.221077948923039,20160819101708
23.937911143145826,88.11014792045536,1.9407741,3.9239971178705964,7.774035567018359,20160819101710
23.937893701585512,88.11015364494139,1.937282,2.0247948326035727,6.871227601977807,20160819101711
23.937858693649027,88.11016069844526,1.9400436,3.958159698561008,4.230404803062925,20160819101713
23.937842479183185,88.1101639242691,1.9448009,1.832530575377635,4.177183266915904,20160819101714
23.937803445154792,88.11017174939758,1.9509515,4.412641932492576,4.208612632883728,20160819101716
23.937782882207486,88.11017798796472,1.9548331,2.3727736890017113,6.354247224903247,20160819101717
23.937753447205438,88.11018464040384,1.9735061,3.3421219558058772,4.7417824460894735,20160819101719
23.93773807852871,88.11018661801106,1.9695027,1.7206972300761898,2.703846745422311,20160819101720
23.937702719843426,88.1101933957651,1.9645605,3.991591086485855,4.023805235638861,20160819101722
23.937685829612942,88.1101977694971,1.9662589,1.929993442170129,5.42822671319982,20160819101723
23.937650551135892,88.11020561941781,1.9644673,4.0030909851867555,4.667644733392308,20160819101725
23.93763106003944,88.1102094836321,1.9640104,2.2026049578098537,4.160484268149503,20160819101726
23.937589435242092,88.11021977590563,1.9772046,4.7451914013965135,5.183336288602618,20160819101728
23.93757007471198,88.1102260589529,1.98401,2.2454986770649583,6.789372520456595,20160819101729
23.937541013124637,88.11023569798515,1.9812589,3.376723338443133,6.9369510979524875,20160819101731
23.93752104858313,88.11024231338388,1.9848542,2.319532142155498,6.93000548000748,20160819101732
23.937485338795295,88.11025325936896,1.9812934,4.123636641239811,6.414610371625031,20160819101734
23.937466777161855,88.11025894946158,1.976797,2.143442841847178,6.414833504425815,20160819101735
23.937435044492823,88.11026761360436,1.9662857,3.6367231010303835,5.717959220472949,20160819101737
23.93741844737645,88.11027182911896,1.9657531,1.8945911468517111,5.321275838024576,20160819101738
23.937385424721025,88.11027901630094,1.9587369,3.7438980562014432,4.562887462257095,20160819101740
23.93736814476955,88.11028312322166,1.9467436,1.9662547462705933,4.980484569476289,20160819101741
23.9373375888996,88.11029054802822,1.9098774,3.4804432090954265,5.091025605283562,20160819101743
23.937322477916346,88.11029351951828,1.8847184,1.7071879547474356,4.123576977107518,20160819101744
23.937293420296495,88.11029841378914,1.8299044,3.2691229257608794,3.533362332669867,20160819101746
23.93727823863026,88.11030123052467,1.8032563,1.7122245172765143,3.8909248189474965,20160819101747
23.93725111805039,88.11030389171401,1.7366174,3.027774641199065,2.0599386541587137,20160819101749
23.93723926161954,88.11030466235535,1.7031943,1.3206993338846116,1.3647961354129166,20160819101750
23.937218172892923,88.11030231673892,1.6363603,2.3570454548999633,2.334503654101667,20160819101752
23.937205835181878,88.11030015660232,1.5981064,1.3893455698739294,3.6716923646837927,20160819101753
23.9371822443059,88.11029147722446,1.53628,2.767525064065404,7.679298763917359,20160819101755
23.93717071300262,88.11028671393825,1.5087763,1.370563920448922,8.60833284389048,20160819101756
23.937150418770244,88.11028025966797,1.4141084,2.350019420120516,6.647725812669421,20160819101758
23.93713558778091,88.11027571798424,1.408757,1.7125084850314853,6.402813416710842,20160819101759
23.937115290479827,88.11027488619847,1.3818105,2.2585395063486278,0.8603109970167111,20160819101801
23.937107042915866,88.11027258959726,1.3421674,0.946323189687532,5.825930655359656,20160819101802
23.93709083755929,88.11026520430596,1.2498447,1.952024758825168,9.479995787987349,20160819101804
23.937074759329803,88.11025458440726,1.3273611,2.0883507313446006,13.604452582499533,20160819101805
23.937062144642542,88.11024931071442,1.2669245,1.5016001308828582,8.70827683277389,20160819101807
23.937056588785367,88.1102470002082,1.2262653,0.6609056279497362,8.663209453946052,20160819101808
23.93704250570706,88.1102378181652,1.1977715,1.8229321952718451,13.434251942379177,20160819101810
23.937035865490824,88.11023255653392,1.1666516,0.9116614322735586,16.187855514072623,20160819101811
23.937020539742562,88.11022336021098,1.1319497,1.9436183623210312,12.397932482951802,20160819101813
23.937013014396232,88.11021552350113,1.1783756,1.155223614968172,20.881484685732488,20160819101814
23.936993687099797,88.11020428347575,1.202029,2.4338356312749037,12.02630316812943,20160819101816
23.936985323612408,88.11020207456089,1.1694278,0.9566900514964946,5.526034004619646,20160819101817
23.93696658823801,88.11019809531078,1.1218159,2.122169236050735,4.448522645181498,20160819101819
23.93695382885586,88.11019499696789,1.11419,1.4533022699679137,5.0827094951515335,20160819101820
23.93693612294173,88.11018820456133,1.0455942,2.0863239861295964,7.998132159437716,20160819101822
23.936926097876064,88.11018414035622,1.0321149,1.1888011396512388,8.445648419980131,20160819101823
23.936909644858112,88.11017437036566,1.0041496,2.081577775933325,12.26946907824447,20160819101825
23.936903174664856,88.11017157179742,0.98424643,0.7736331055614719,9.001311796910727,20160819101826
23.936893539328526,88.11016731456651,0.9344873,1.1554656381680233,9.191417154841872,20160819101828
23.9368893458945,88.11016961384895,0.9075876,0.5215659426232545,11.354043997154122,20160819101829
23.936879099325452,88.11016528224205,0.84955484,1.2214565000885258,8.800164900217823,20160819101831
23.936872355546793,88.11016605260265,0.8420502,0.7539500917403151,2.3954358027866647,20160819101832
23.93685821273702,88.11016333487989,0.8347718,1.5966802551429535,4.0251811854621735,20160819101834
23.936852636082666,88.11016398574999,0.8260953,0.6236139123993596,2.4472680457520255,20160819101835
23.9368436428034,88.11015835416055,0.8024364,1.1522128353929457,12.914701225497794,20160819101837
23.936839994646633,88.1101570575148,0.7812732,0.4265245221894649,7.415232230187485,20160819101838
23.936832348153935,88.11015439556448,0.7389459,0.8922543284179676,7.264478534451996,20160819101840
23.936828883618986,88.1101523024293,0.7161495,0.44007067022533813,12.474191278996756,20160819101841
23.936822384288103,88.11014945460717,0.6924727,0.7784942650571474,9.114868789674716,20160819101843
23.936818770651044,88.11014773367907,0.67659694,0.43823274139880825,9.891475318017967,20160819101844
23.9368108208194,88.11014378262863,0.64145803,0.9709096035244862,10.313524067418399,20160819101846
23.936806965545728,88.11014173799919,0.6273697,0.4763955359838172,10.989112127833096,20160819101847
23.93679887963421,88.1101373282511,0.6013914,1.004618587558301,11.29213101948784,20160819101849
23.93679314350328,88.11013603910601,0.59848946,0.6511459363131784,4.703974061979295,20160819101850
23.936782407868225,88.1101314705977,0.5791487,1.2808641594943357,8.85557117193764,20160819101852
23.93677717067267,88.11012953943158,0.56512755,0.6145338523799687,7.6885572821983885,20160819101853
23.936767597538772,88.11012570530502,0.54743433,1.133563892768594,8.341797780222237,20160819101855
23.936763364441987,88.11012401815255,0.53960186,0.5009577280562084,8.301729400133496,20160819101856
23.93675538354787,88.11011955172434,0.5306545,0.9967913212723098,11.578638079407483,20160819101858
23.936751278532046,88.11011639111402,0.53223336,0.5581519708408976,15.74147411171316,20160819101859
23.93674443265825,88.11011278435747,0.3846121,0.8448857562978809,10.916745285960928,20160819101901
23.936741033298556,88.1101114233078,0.36792594,0.40250659534770566,8.33867918020843,20160819101902
23.93673321660677,88.1101087235404,0.44396085,0.9114564648235666,7.206066474955321,20160819101904
23.93673071786433,88.11010746195059,0.33869928,0.30600472282202684,10.471614364717595,20160819101905
23.936723813175174,88.11010396315231,0.5007357,0.846113567054677,10.508704133905638,20160819101907
23.936720018151142,88.11010245494411,0.45514253,0.44896390901523137,8.277313112966908,20160819101908
23.936714599765725,88.11009988398393,0.36135387,0.6567155840715764,9.853418126605192,20160819101910
23.9367108130607,88.11009719431595,0.3656784,0.5020124571256206,14.574527598137223,20160819101912
23.936706189208937,88.11009417954565,0.28454602,0.5985209784198127,13.4234566607729,20160819101914
23.936699243467018,88.11008951914168,0.3863541,0.9059989917301434,13.799018474859508,20160819101916
23.936695699099307,88.11008715067899,0.32820818,0.4618102702162209,13.744693474152172,20160819101917
23.93668969544746,88.11008057260017,0.3902598,0.9447768207552549,21.853580900733903,20160819101919
23.936686726914044,88.11007833820769,0.3191578,0.4006546505717243,15.403394470911564,20160819101920
23.93668091398217,88.11007775550553,0.38407865,0.6490758028442918,2.1013201026952686,20160819101922
23.936677910851344,88.11007594984055,0.34241685,0.38103547399078946,12.411566800980069,20160819101923
23.936672579577337,88.11007169575949,0.0,0.7337233418321195,16.281191931088074,20160819101937
23.936668389734653,88.11008297613633,0.0,1.2374903709051301,44.579347412602715,20160819101941
23.936653015990505,88.11008129498668,0.4914135,1.7179995112040634,2.2919217187275365,20160819101948
23.936633013346576,88.11007809669245,0.0,2.2478185800469674,3.3490273043338163,20160819101951
23.936624296362965,88.11006613773667,0.0,1.554582820838744,26.660489066228706,20160819101954
23.93661731261029,88.11004707337362,0.0,2.0873689364077364,44.97178970258457,20160819101957
23.93661542800827,88.11002952303575,0.0,1.7959367614774995,73.64669007572593,20160819102000
23.936606079344784,88.11002746922648,0.0,1.0602731038439357,4.5965332613354235,20160819102008
23.936612508574274,88.11001689842702,0.0,1.2904486438095166,31.03576624412966,20160819102024
23.936622878234573,88.1100220876273,0.0,1.2679390144720337,10.378181874714414,20160819102031
23.93663203074694,88.11002246745669,0.0,1.0184447928126215,0.8701547074626887,20160819102037
23.93662321523823,88.11002610330743,0.0,1.0475748940997462,8.583498768852905,20160819102103
23.936614719889334,88.1100316116164,0.0,1.0980621862472428,13.348746688687697,20160819102110
23.936605407287182,88.11002754945638,0.35461733,1.1147777743153684,9.069624445246205,20160819102115
23.936600981541407,88.11001152375248,0.3418779,1.7014419479314717,52.95975711667421,20160819102119
23.936598221621075,88.10999920737332,0.0,1.2888046255904129,58.519005027503226,20160819102122
23.936596373183225,88.10998683992409,0.38185158,1.2736179429811938,67.78371846613462,20160819102125
23.936602543091286,88.10996926811617,0.736242,1.9130984263270814,46.18489911332017,20160819102128
23.93659053083415,88.1099680388696,0.61638373,1.3415317925985597,2.1446048531872464,20160819102131
23.936581110161956,88.1099694472488,0.0,1.057264853581176,3.1313411839806804,20160819102136
23.93656859712865,88.10996243185583,0.3600027,1.563426754403988,11.5935432106468,20160819102139
23.93654994180859,88.10995140975935,0.3313197,2.3575142889286775,12.198863420576714,20160819102142
23.93653998807381,88.10994310259308,0.0,1.3920525798869405,16.98099923400676,20160819102145
23.936531420998566,88.10994858125117,0.0,1.1034073672998046,13.169462522056278,20160819102207
23.93651600780894,88.10995036332088,0.31994787,1.7234116565577065,2.4222935532986867,20160819102210
23.936507712158935,88.1099552771134,0.0,1.048943353869319,12.227737353681505,20160819102215
23.93651055180319,88.10994586853742,0.0,1.0069939941546668,50.480025888465434,20160819102224
23.936510599553454,88.10993554580294,0.74062973,1.0491302199477415,89.27591322501496,20160819102230
23.936508304346187,88.10992471370388,0.0,1.130080216517563,59.9227412538894,20160819102238
23.93651645969115,88.10991751366117,0.0,1.1652500203026421,17.90130656980972,20160819102249
23.936510703191534,88.10992710854332,0.4221786,1.1664584865720093,31.375867706305428,20160819102259
23.93649213089834,88.1099321700106,0.653166,2.128247143438228,5.693835969718748,20160819102302
23.93648313709141,88.10994469100794,0.4616036,1.618475942560306,26.990540536209323,20160819102305
23.93646377621841,88.10994924819877,0.557091,2.2020883944509335,4.921506050871358,20160819102308
23.936456056883934,88.10995480328837,0.0,1.0273797413321326,14.748730187491674,20160819102311
23.936462922715606,88.10994834629136,0.0,1.0067246492042776,18.98531259629391,20160819102326
23.936453075537994,88.10994404152919,0.4963483,1.1791249427867132,9.085720938764297,20160819102346
23.93644415386357,88.10994891796761,0.0,1.1089514595337109,11.306828476030205,20160819102354
23.936436610746583,88.10995830407619,0.71336,1.2702314191763981,24.47377137499575,20160819102408
23.936431006880017,88.10996719129668,0.0,1.097311884252513,30.118661208088156,20160819102411
23.93643735625725,88.10995964275236,0.0,1.0425998803775312,23.503608462630666,20160819102417
23.93644672197948,88.1099497271869,0.6146113,1.4491684581949786,21.17066534988237,20160819102423
23.93645364561685,88.10994195466074,0.0,1.103042436064773,22.326368893706842,20160819102426
23.93646002550651,88.10993494871543,0.0,1.0051098719357812,21.886300469452237,20160819102441
23.936455883145413,88.10994563857696,0.43264154,1.1800377274684775,43.350916093680894,20160819102500
23.936454403160727,88.10996302213198,0.0,1.7743685465992691,76.89822480605517,20160819102503
23.93644612865092,88.10995751864219,0.0,1.0767556614758482,13.674594038488465,20160819102526
23.936454220339073,88.1099484568726,0.346818,1.2875293241914383,22.277581669416747,20160819102543
23.93645928872992,88.10995663067045,0.0,1.003848887351392,30.53892687810969,20160819102612
23.936461310422505,88.10994616149276,0.5753358,1.0874892713298192,62.17170871745725,20160819102625
23.93646894606541,88.10993864240713,0.0,1.1422978093793514,19.81133838053779,20160819102628
23.93645397528427,88.10994745882371,0.90999913,1.8905046593663621,12.15751869383098,20160819102636
23.93643712010047,88.10997356013114,0.8522204,3.2480139727701474,29.529830840362024,20160819102639
23.93643294308179,88.10998247073253,0.0,1.0177609045823726,37.96598197715423,20160819102649
23.93642492027763,88.10999023769887,0.651543,1.1911923251949887,19.500256388124058,20160819102702
23.936394339424346,88.1099983344467,1.2657564,3.4985862418942157,5.531307057545632,20160819102705
23.936351304301418,88.11001578068728,1.3044815,5.103217808350024,8.433300044232283,20160819102708
23.936311104307823,88.11002562015867,1.3621837,4.58052645497746,5.114661719532251,20160819102711
23.936268972458343,88.11003476033144,1.3715243,4.776056513664086,4.535402071265594,20160819102714
23.93623591548163,88.11004600537223,1.3641238,3.8493360169780093,7.089525625525084,20160819102717
23.9362034031847,88.11006213296577,1.3543465,3.969416289017459,10.278625743400198,20160819102720
23.936168300086944,88.11007497410873,1.3196368,4.115683737164176,7.616549267362416,20160819102723
23.936134964980326,88.11008656946538,1.2362151,3.8895180886272254,7.245866579420863,20160819102726
23.93609728190676,88.11009637377187,1.23798,4.307014177769839,5.43196665510618,20160819102729
23.936074035788685,88.11009921626918,1.136642,2.6009437224784464,2.5587370502984186,20160819102732
23.936064085810024,88.11009275998532,0.35916165,1.2863301531059086,13.34029520974147,20160819102736
23.93605431823806,88.11009338083771,0.48865527,1.087935793685355,1.3306588954228573,20160819102740
23.936039931454484,88.11009554281642,1.0996114,1.614756706092159,3.1432495979883015,20160819102743
23.936018919818856,88.11009778666633,0.89013577,2.3474903620635557,2.2346914478321196,20160819102746
23.935980665660704,88.11010607766532,1.2847583,4.336325844706486,4.52776980105034,20160819102749
23.93593823879824,88.1101087571763,1.3526689,4.725505223596401,1.3217588644293983,20160819102752
23.935899855843964,88.11009651700462,1.3251017,4.445588820611019,6.644586164454182,20160819102755
23.935871430048255,88.11010135123878,1.2007756,3.198761129686815,3.5546596120623235,20160819102758
23.93584895975799,88.11010174146811,1.0884262,2.498897017261597,0.3634304098030725,20160819102801
23.93582773742548,88.11010371682272,0.9986302,2.368340052191599,1.9470499416324856,20160819102804
23.935811301844296,88.11010494588105,0.90714693,1.8318170893395367,1.5644210571631447,20160819102807
23.935796129295127,88.11010352354987,0.8408765,1.6932920215497438,1.9607849247978208,20160819102810
23.93577900453999,88.11010295193891,0.7798756,1.905071870771164,0.6983820751125052,20160819102813
23.93576312233861,88.11009663698756,0.779599,1.8790258600198417,8.26143590527738,20160819102816
23.9357438213068,88.11008947897042,0.7320961,2.2661222657966245,7.712185894529455,20160819102819
23.935718460588696,88.1100842002442,0.6988271,2.8705619063330636,4.346151003778516,20160819102822
23.935686904946085,88.11007453872591,0.70459884,3.6436302120378015,6.378305946849451,20160819102825
23.93566146750186,88.11006437745371,0.6768344,3.0111448721670717,8.297204321351188,20160819102828
23.935629454423896,88.11005851071468,0.68878126,3.6092825840149727,3.8273258512110715,20160819102831
23.9356026736703,88.11005175702199,0.6715405,3.0559661691527955,5.25943757815125,20160819102834
23.935576309572916,88.11004501983385,0.7294542,3.01045593458836,5.328744249278202,20160819102837
23.935556696456135,88.11004555895434,0.7329489,2.1815672680804865,0.5748001573123247,20160819102840
23.93552862638818,88.1100523372737,0.772002,3.196369106460862,5.036385857624737,20160819102843
23.935499966493968,88.11004530275358,0.7942343,3.2660448767186394,5.118370476166234,20160819102846
23.935470284390018,88.11004757345948,0.80853015,3.308557743715649,1.5990053116361196,20160819102849
23.935448078434455,88.11004333423725,0.80611,2.5064961131247476,3.984626224018257,20160819102852
23.935424897305072,88.11003863576406,0.89646363,2.6214821212755997,4.229397053009734,20160819102855
23.9353983094214,88.11003137487532,0.9318736,3.0471435040024257,5.689730640934954,20160819102858
23.935378240535886,88.11002261810685,0.88420415,2.4024786731845493,9.04453644008882,20160819102901
23.935356351142268,88.11001801074352,0.8134422,2.4786227445837343,4.390738360054968,20160819102904
23.93533521268544,88.11000930636327,0.74299717,2.5114542852941732,8.54233126363755,20160819102907
23.9353245537007,88.1100057850526,0.3895274,1.2380777182405087,6.871227604552587,20160819102910
23.935315303282312,88.1100029602681,0.0,1.0679128813827952,6.355681667190396,20160819102916
23.93530753655492,88.10999554803574,0.0,1.1460098635557732,19.193002304702674,20160819102919
23.935299634087354,88.10998842414165,0.38178208,1.1385709718186487,18.201145010975267,20160819102924
23.935284340783273,88.10998942693294,0.5078891,1.7035891030306136,1.369988208639711,20160819102927
23.935271786847117,88.10998278203193,0.5093871,1.5507141375356053,10.926348187212312,20160819102931
23.93526185670671,88.10997609329743,0.0,1.2966633542116661,13.80186542779009,20160819102934
23.935274950954064,88.10998163270828,0.61687416,1.561066471355956,8.771058149417058,20160819103022
23.935293509250254,88.10998712253583,0.4107763,2.137685753321772,6.158067878062866,20160819103025
23.93531376917728,88.10999997901911,0.38266978,2.604307202602242,13.032458812946118,20160819103028
23.935327147528167,88.11000070193472,0.6283392,1.489418001789216,1.1291889798831107,20160819103033
23.935363553132177,88.11000858856946,0.99549913,4.126709111950579,4.518560831124034,20160819103036
23.935391342906406,88.11001947406032,0.86298615,3.2821564482944505,8.132831141664383,20160819103039
23.935427310040797,88.11003266595027,0.9289099,4.218109491835044,7.6221554078056215,20160819103042
23.935456564179404,88.1100386960266,0.9313741,3.3101393497761387,4.301301909863071,20160819103045
23.93548093032647,88.11004110454019,0.91438955,2.7204270798327275,2.0657715581731395,20160819103048
23.935498034905976,88.11004274837583,0.90488255,1.9092659706395259,2.008608380027738,20160819103051
23.93551923130444,88.1100430179465,0.8807482,2.357091199964444,0.26592437651044065,20160819103054
23.93553829910826,88.11003662105058,0.880053,2.217679515881601,6.980465471179741,20160819103057
23.935565183843213,88.11003591335705,0.8419684,2.9903112413770536,0.5504624913872931,20160819103100
23.935588857305547,88.11003779410254,0.79967165,2.6392995964627755,1.6610183147265616,20160819103103
23.935601668345576,88.11004464436456,0.0,1.585550730726292,11.044321748078346,20160819103106
23.935609216284565,88.11005035587898,0.47563538,1.0204719392817554,15.441077192700504,20160819103110
23.935618528236994,88.11005098615819,0.0,1.037421385398563,1.4153524389554377,20160819103115
23.935624028918944,88.11004048360616,0.0,1.230225362927194,34.87595138237833,20160819103123
23.935631984087976,88.11003554794206,0.0,1.0169059950331611,12.761624970582488,20160819103128
23.93563237469144,88.11004676466065,0.0,1.1408087408487368,84.55116472108693,20160819103135
23.935627316765483,88.11003782817832,0.0,1.0682714046706696,32.82087863688395,20160819103145
23.93563229699241,88.1100289335233,0.0,1.0601209487062744,33.10355897391753,20160819103151
23.935640851468253,88.11002389359447,0.45279342,1.0803600635928508,12.138098494437202,20160819103156
23.93565872917409,88.11002759839799,0.6782635,2.0232548466894005,4.3264546706651,20160819103159
23.935686778547492,88.11003339394479,1.0951228,3.174078660584686,4.314056703069298,20160819103202
23.935719365133174,88.11004134317669,1.1096087,3.712436479343351,5.08995869218802,20160819103205
23.935746027109804,88.11005625967103,1.0033365,3.3297980642662943,11.546267944561407,20160819103208
23.93576356260008,88.1100654407301,0.49416196,2.161620899252642,10.823971840973059,20160819103211
23.935781196813085,88.11007160006514,0.5832684,2.0583327826512177,7.269086675374922,20160819103214
23.935801677812243,88.1100753294752,0.7220155,2.3087088784926366,3.804640119897954,20160819103217
23.93581740014563,88.11007653156521,0.0,1.7525072996246507,1.5995141320134962,20160819103220
23.935827699894865,88.11008368683176,0.30635455,1.3566480502528349,14.237126677013066,20160819103225
23.935836643331694,88.11008847360333,0.34077182,1.1070830691988653,11.061091478716605,20160819103228
23.93585040439927,88.11008926865725,0.64428854,1.53229289529914,1.2089197288117361,20160819103232
23.93588886158002,88.11009323342046,0.9127069,4.295186172208864,2.156724536782008,20160819103235
23.935922198615124,88.11009810905526,0.8922958,3.7398819400774017,3.05835870375347,20160819103238
23.935953620604437,88.11009993207762,0.8934383,3.498874789202597,1.2142971802132934,20160819103241
23.935987071060794,88.11010199554586,0.88833106,3.725428430463585,1.2911922970878322,20160819103244
23.93603212910471,88.1100988997353,0.9541046,5.02009539452611,1.438233433240896,20160819103247
23.936051510870467,88.11010608672105,0.9497813,2.2755689361719122,7.717137601698596,20160819103250
23.93608477011095,88.11010900804894,0.9385731,3.7101574194512823,1.8386356125093357,20160819103253
23.936121492890972,88.1101000078539,1.0258214,4.184583410885392,5.11889563389002,20160819103256
23.936160259100873,88.11007884427956,1.0705732,4.817434484625272,11.285706970225078,20160819103259
23.936204279542707,88.11006123817951,1.039798,5.211650338543752,8.318625761831413,20160819103302
23.936241583747222,88.11004622939632,1.0216069,4.4196129670947455,8.368253111588274,20160819103305
23.936259015455857,88.11003520482852,0.91266006,2.2388563286361802,13.020397309475698,20160819103308
23.936269540630573,88.11003426972067,0.0,1.1741983717426665,1.8606333276987357,20160819103320
23.936278855472352,88.1100320158885,0.0,1.060789475945237,5.056013122925492,20160819103331
23.936271810744294,88.11002566634987,0.0,1.0149140057379142,18.240309507977912,20160819103346
23.936278556210134,88.11001567180568,0.58848554,1.262683291427218,28.44781673395346,20160819103349
23.936294994675716,88.11001740431368,0.3597679,1.8363351346127315,2.207030588433895,20160819103352
23.9363016799688,88.11002457110114,0.0,1.0407345269820405,21.405743092837838,20160819103401
23.93632187105861,88.11002474839148,0.767606,2.245219051890401,0.18397668333562933,20160819103404
23.936346406200318,88.11001954204801,0.84044987,2.779021898475672,4.437525071442735,20160819103407
23.936379506602595,88.11001011952848,1.04001,3.803135983143406,5.9439438911945786,20160819103410
23.936403563886,88.11000660067366,0.97191757,2.6988476160087473,3.06245832170697,20160819103413
23.936420653478816,88.10999847629877,0.9157086,2.0719122262102148,9.864734906986257,20160819103416
23.936439428904556,88.10998310555144,0.81007534,2.607480752076943,16.67134575450899,20160819103419
23.936454557071187,88.10996997217673,0.7594323,2.147398034086445,17.61883325819656,20160819103422
23.936445160789994,88.10997113039255,0.0,1.0514286996288504,2.5817525209180303,20160819103439
23.936454879803936,88.10997214929623,0.6645357,1.0856549169962972,2.1962617125248585,20160819103459
23.93647865972108,88.10996732507986,0.41606462,2.689277540973193,4.244565368847191,20160819103502
23.93651406575232,88.10995784218244,0.741743,4.05321845478506,5.596686313809357,20160819103505
23.936532597996436,88.10995456024673,0.3449929,2.0875114899721723,3.7073808155842016,20160819103508
23.936525087082984,88.10996042578228,0.0,1.026100395508546,15.946214594891671,20160819103525
23.93651335207232,88.10996945525692,0.5265087,1.5952532251906588,15.722874140093609,20160819103528
23.93651700415405,88.10998045506982,0.0,1.1894021775528913,47.77795384933751,20160819103539
23.93652784265237,88.10998639307425,0.48982945,1.3478399982066738,11.334963304727637,20160819103546
23.936536092215878,88.10999245210333,0.39497748,1.104831758351607,15.042038651903681,20160819103555
23.936550238313554,88.10998470919458,0.5968905,1.7588343922102465,11.325328866375173,20160819103600
23.936572683481184,88.10997926782262,0.517127,2.5563230904088896,5.069514265332828,20160819103603
23.936571108584243,88.1099901125851,0.37090176,1.1159963104180766,68.3534638550484,20160819103608
23.936581824832423,88.10998637259218,0.0,1.2507476586865631,7.277959744732982,20160819103612
23.936583819692327,88.1099984231138,0.0,1.2446395999457271,65.65935035082106,20160819103619
23.936584202752485,88.11001358034369,0.6276843,1.541042534148663,86.04969757635206,20160819103623
23.936587637351817,88.11003844685334,0.5971224,2.5559174476363564,69.32192107530307,20160819103626
23.93660930179074,88.11005453442567,0.6455597,2.9114271146787947,15.203265412225733,20160819103629
23.93661465365595,88.11006368898651,0.3118433,1.1044341217980684,32.04650536824846,20160819103632
23.936614346652423,88.11005269095094,0.0,1.1182690374043012,85.63785290114117,20160819103637
23.93661688143173,88.11003983461694,0.0,1.3366640831986116,61.68705897337111,20160819103642
23.936625986179912,88.11003311622697,0.0,1.2211364052391178,15.112436917337277,20160819103647
23.936633969945284,88.11003819593358,0.0,1.0269520331819046,13.108222522539904,20160819103656
23.93664265842582,88.11004550512484,0.0,1.2186862675360344,17.11311629397295,20160819103700
23.936636243514993,88.11005429743854,0.0,1.1433652298787629,26.63928274562079,20160819103759
23.93664588904594,88.11005380406952,0.0,1.073705553662738,1.0724867526818116,20160819103830
23.936642242194957,88.11004403314956,0.0,1.0726396459554202,44.43840165230853,20160819103930
23.936642511527726,88.11003402950006,0.0,1.0171276042345205,85.792987101633,20160819103945
23.936645638313053,88.11002463229187,0.0,1.0163707429990405,47.72527391641802,20160819103954
23.93665064097283,88.11003316776018,0.0,1.0305077200390305,31.983270249644647,20160819104014
23.936649028733356,88.11004386837365,0.0,1.1021972101706212,67.62454452580346,20160819104036
23.93663996563376,88.11004348307951,0.0,1.0085311726245445,0.8913966549440602,20160819104045
23.936632432805204,88.11004900390559,0.0,1.008174917411577,15.014936682582857,20160819104112
23.936642443899935,88.11004318634178,0.0,1.260456528725479,12.006865249793748,20160819104129
23.936637275057713,88.11003352613969,0.0,1.1376429197666844,34.37214537375203,20160819104138
23.93662984211663,88.11004022790205,0.0,1.0709915168378827,18.261732673084452,20160819104200
23.936629960834058,88.1100508414539,0.0,1.078752815268425,88.24969253068821,20160819104209
23.936638707954245,88.1100471741607,0.0,1.0416018530400952,8.723594753783118,20160819104227
23.9366361092833,88.11003654801591,0.0,1.117941524174682,56.24861709278139,20160819104329
23.93662840454942,88.11002982122162,0.0,1.0960681884000543,17.71998895226983,20160819104341
23.936626290311864,88.11001991502629,0.0,1.033866085441885,59.75040212754055,20160819104354
23.936632041695127,88.11001145480252,0.0,1.071584044881565,28.296062783520085,20160819104404
23.93664237679849,88.11000980672772,0.0,1.1613531404921766,3.340125604806417,20160819104408
23.93664769193381,88.11001902857532,0.0,1.1080169860993734,32.4159867805771,20160819104412
23.93665388350337,88.11004160752317,0.5177465,2.395787045286229,53.15881139966052,20160819104415
23.936655694167555,88.1100558794485,0.0,1.4643848526728198,70.88232246304739,20160819104418
23.93666181954799,88.11007278908471,0.5560717,1.8486037296551243,45.29660527484771,20160819104421
23.936667756423585,88.11008184789398,0.0,1.1328790804113198,29.182766254870387,20160819104424
23.93667348454419,88.11009174623955,0.47694516,1.1906696120617357,32.313112427715396,20160819104428
23.936677420530213,88.11010307226297,0.44608685,1.2314770740696455,46.4858652917037,20160819104431
23.936681552761577,88.11011327767363,0.0,1.1344122769710787,42.11311987397846,20160819104435
23.936687997046846,88.1101211209145,0.0,1.0718565528784094,24.01270666535862,20160819104438
23.936690790533422,88.11013103735858,0.43730336,1.0546059801161205,52.418178027543604,20160819104441
23.936696561205906,88.11014156399648,0.40641695,1.2475150357569464,33.73186209156171,20160819104451
23.9367016261869,88.11015124424033,0.7052071,1.1336190763043346,34.97638099633377,20160819104457
23.936703860972845,88.11016361439515,0.46527484,1.281521231369798,63.73207621556412,20160819104502
23.936712963214866,88.11017358380028,0.4822063,1.4321240118595826,21.84739751487359,20160819104507
23.936718512118706,88.11018242111983,0.42513403,1.0896673707906597,30.242204407655663,20160819104510
23.936729864979075,88.11019193061793,0.5346225,1.589861097079392,17.04730535860915,20160819104513
23.936738640168564,88.11019499066016,0.37854835,1.0241190261623538,7.2749106641823005,20160819104517
23.93674942034694,88.1101954080371,0.44056287,1.1994514465863457,0.8120535366888362,20160819104521
23.936761491270328,88.11019472352524,0.7017396,1.344027095827996,1.1893308085195713,20160819104525
23.93677992845473,88.11019933341089,0.7749349,2.102973781326184,5.230363018482024,20160819104528
23.936794773247712,88.11020187079862,0.7429574,1.670688007149658,3.5810304021469506,20160819104531
23.936812346523215,88.11020552394152,0.76634556,1.9890176998356894,4.35269359999063,20160819104534
23.93683547609484,88.11020680787287,0.7731053,2.5751991142962596,1.164449475458241,20160819104537
23.936859325191364,88.11020328681445,0.78568614,2.675933962675428,3.094648166383763,20160819104540
23.936881692117872,88.11020056405589,0.79356074,2.5024354475358632,2.5525404224470662,20160819104543
23.93690144623749,88.11019834393747,0.7948318,2.208116185208035,2.356961225396674,20160819104546
23.936922920075194,88.1101925235539,0.8250782,2.4599621595982026,5.6692318799496775,20160819104549
23.936944614468754,88.11018446861392,0.8509742,2.5474271039129683,7.74436064695044,20160819104552
23.936969158529557,88.11017299474148,0.83992946,2.967860656604063,9.716860354722087,20160819104555
23.93699589216385,88.11015760240245,0.85307896,3.3591346812315575,11.909992048307345,20160819104558
23.937019762113202,88.11013949100347,0.9004935,3.230013851222448,15.534012474719077,20160819104601
23.93703086325882,88.11012925279665,0.9271672,1.6144371278795173,18.668822028903378,20160819104604
23.937041634085972,88.11012168047785,0.8564957,1.423605517718704,14.443599153961031,20160819104608
23.937066923690512,88.11009887598792,0.89088416,3.644072646574949,18.28272039063205,20160819104611
23.93708481037331,88.11007345273727,0.87546647,3.2606378766437634,27.510049094190776,20160819104614
23.93709159271531,88.11006112797621,0.0,1.462093786041463,33.65706690161045,20160819104617
23.937103829914903,88.11004095876835,0.7446322,2.4603475846323906,31.12917230036851,20160819104620
23.9371052215774,88.11003043220371,0.0,1.0809611748127284,70.16082369590742,20160819104623
23.937111268424598,88.11001162255316,0.90690833,2.026447386350402,48.73900337207846,20160819104626
23.93711546593369,88.10999768533593,0.60242,1.4913737677026968,50.58317047700257,20160819104629
23.937115824436955,88.1099856962336,0.0,1.2191187490015796,85.33506726550212,20160819104632
23.937119320257494,88.1099728315774,0.45096987,1.3640116696194668,53.44056885117834,20160819104635
23.93711371383528,88.10996437606134,0.0,1.0616530298131288,28.926885446979497,20160819104642
23.937103537265052,88.10996544072744,0.0,1.1367444716914044,2.1953377333918525,20160819104649
23.937110115825327,88.10995732612051,0.0,1.102370873380966,24.322251504641713,20160819104725
23.937110002901434,88.10994567889401,0.0,1.1837882232625623,88.48404238126341,20160819104730
23.937101998491556,88.10993914290079,0.0,1.1105994287869805,16.65710782204053,20160819104736
23.93709134841731,88.10994205505247,0.0,1.2206581336390978,5.721408132403212,20160819104739
23.937100057568518,88.10994486102933,0.0,1.0095292247353385,6.732881181209336,20160819104753
23.937111681247032,88.10995622449089,0.0,1.7332899509506476,19.708806188748895,20160819104756
23.93710642312784,88.1099656056085,0.0,1.1184118168262127,33.174273151685384,20160819104802
23.937097976847074,88.10997028037151,0.0,1.0525148507676,11.464084930248305,20160819104811
23.93708874542991,88.10996516058852,0.0,1.150833664121639,11.486691851655223,20160819104818
23.93709953591173,88.10996918032265,0.0,1.2674894729614379,7.772816341127452,20160819104823
23.937110587156823,88.10997346324291,0.0,1.3036567243616373,8.082476128750955,20160819104828
23.93711962485284,88.10997503486777,0.0,1.0175602126423133,3.6460624626229787,20160819104832
23.937117536292146,88.10998536839357,0.0,1.0755799557861896,61.119801307116745,20160819104848
23.937119924996118,88.10999726001626,0.0,1.2374031104238947,61.26953711878548,20160819104854
23.937115324756878,88.10998839844538,0.0,1.0357403664033062,35.21691169452356,20160819104906
23.93711025974842,88.10997916056346,0.0,1.094828937636656,33.75518904376992,20160819104921
23.937115107385832,88.1099692089217,0.0,1.146071864216608,36.952061747404684,20160819104928
23.937124540523488,88.10996958472525,0.0,1.0496121712952333,0.8363710394166901,20160819104935
23.93712117471452,88.10995824779495,0.32683575,1.2114467300092648,50.985234911820214,20160819104957
23.937116225306614,88.10994751734817,0.0,1.2215479100991735,38.464716358582194,20160819105004
23.93710615175384,88.10994787017972,0.0,1.1207017873816445,0.7353020015318634,20160819105009
23.93709639349825,88.10995083613345,0.0,1.1261597637036422,6.354776174186327,20160819105014
23.937088950055106,88.10996093973324,0.0,1.3188803911452542,26.44357989923651,20160819105018
23.937088143341498,88.10997531139813,0.41730037,1.4633617366464107,81.2898069912817,20160819105022
23.937087018778026,88.10999522164606,0.5573128,2.027362802187563,81.23626067183835,20160819105025
23.937088792287362,88.11001057225141,0.0,1.57251525280205,72.49951709182795,20160819105028
23.93709476338003,88.1100202155329,0.0,1.1837867377734217,30.615131552804655,20160819105044
23.937105190978105,88.11002817177977,0.0,1.4136017063906734,15.61991118631903,20160819105047
23.937118505021207,88.11003598085483,0.0,1.6797671372412322,12.129742424036976,20160819105050
23.937164913217845,88.11005945668875,0.0,5.685216051447684,10.502536930359668,20160819105053
23.937204959094025,88.11009621854008,0.762854,5.812668237144229,18.596019482737347,20160819105056
23.93723544165879,88.1101297351995,0.86191505,4.805400712402595,21.950883435733886,20160819105059
23.9372644068164,88.11017356629812,0.9827544,5.496989830651255,29.01768624570326,20160819105102
23.937284009140324,88.11019941441954,1.1591718,3.4135002418959695,25.79889561475352,20160819105105
23.937336219533126,88.1102278346594,1.345816,6.484359575203545,11.286557767927661,20160819105108
23.937387708991597,88.11025029036834,1.500352,6.163460218636539,9.08578657278099,20160819105111
23.937436501378848,88.11025361114733,1.6636496,5.435952781335159,1.4297718432575266,20160819105114
23.93748083104102,88.110252778092,1.7133696,4.929960573178507,0.394902934817992,20160819105117
23.937545644086093,88.1102412442232,1.8699405,7.3015882961060825,3.734961798392874,20160819105120
23.9376155304311,88.11021460773935,2.0167816,8.229026389381286,7.960572776444565,20160819105123
23.937679045996983,88.11018973615914,2.1632009,7.501319891852709,8.177063292815262,20160819105126
23.937739585006856,88.11016227341925,2.2488964,7.2873080871989036,9.452503880064796,20160819105129
23.937807206066243,88.11012856915505,2.3447943,8.262591879064619,10.368220307511365,20160819105132
23.937872210082176,88.11010363193019,2.5432158,7.659555055182944,8.016966686093781,20160819105135
23.937940340606254,88.11008616293597,2.6341882,7.781019108623282,5.378631590392956,20160819105138
23.93803905280418,88.11005355072867,2.7390022,11.465787413828702,6.918696920028651,20160819105141
23.93815026505686,88.1100199207033,2.828315,12.829865049940533,6.339463717153535,20160819105144
23.938256163182047,88.1099871600284,2.8674986,12.236990008956255,6.485979709803075,20160819105147
23.938351194963438,88.10996155237382,2.9574664,10.882814856086753,5.656692196092365,20160819105150
23.93844312923103,88.1099311298273,2.9770255,10.679961393853178,6.936908336383226,20160819105153
23.938517026167123,88.10990661681582,2.937641,8.586319467578175,6.954853750792893,20160819105156
23.93858984873557,88.1098872813659,2.966726,8.332525519086097,5.577649822093747,20160819105159
23.93867736309654,88.10986393638655,3.0199168,10.016203504179073,5.604796361270644,20160819105202
23.93876037282851,88.10984098506778,3.0461886,9.520423670140463,5.809143314255152,20160819105205
23.938851022481206,88.1098182052811,3.0854182,10.342229627265677,5.28414039703415,20160819105208
23.938938986316128,88.10979365230426,3.1053429,10.094411259927911,5.866777886602222,20160819105211
23.93901129901663,88.1097626713357,3.0486248,8.63528549628075,8.964319656209511,20160819105214
23.939103629684347,88.10973596756538,3.0687714,10.619340570307571,6.079866460197479,20160819105217
23.939196970056646,88.10971130229585,3.1351109,10.677396296979799,5.559737255481934,20160819105220
23.939274672214538,88.10969933647901,3.136045,8.725246876118197,3.247377134103772,20160819105223
23.939351454233265,88.10968372318827,3.1485643,8.683972189050666,4.285456250342804,20160819105226
23.939420717929785,88.10966973312641,3.0938804,7.831909521645553,4.257576835408372,20160819105229
23.939509691145435,88.10966560403973,3.0952022,9.902265819617247,0.9801634633387835,20160819105232
23.939611285757252,88.10966606436412,3.1074753,11.296902275927103,0.09573049224064789,20160819105235
23.939703201143296,88.10966464648963,3.1253202,10.221540360880438,0.32598895496090563,20160819105238
23.939792162525524,88.10966578185742,3.1333144,9.892727314070237,0.2697659831031274,20160819105241
23.93988787189259,88.10966722171142,3.1330483,10.643402014812793,0.31806773101169483,20160819105244
23.939964235132496,88.10966498351183,3.1704485,8.49425103980544,0.6197850655975685,20160819105247
23.94003530662772,88.10966420102334,3.1985874,7.903189798549641,0.2328634966169716,20160819105250
23.94012793014341,88.10967479194039,3.1573694,10.355354853359337,2.4175591517043244,20160819105253
23.940217358514275,88.10969361499399,3.1603224,10.126311903421152,4.444908990783404,20160819105256
23.9403044063671,88.10970884275187,3.1660247,9.802216588139713,3.697345948346424,20160819105259
23.9403854521285,88.1097225184229,3.0955126,9.118420439407187,3.567473198923949,20160819105302
23.940461284205444,88.10974506213564,2.9849353,8.737854243783163,6.269337465917374,20160819105305
23.940528197058462,88.10976902152116,2.8948743,7.828672907149325,7.538936644110663,20160819105308
23.94057961730375,88.1097972974258,2.7415986,6.399183327059866,11.490061770423324,20160819105311
23.94062781265385,88.10984359680718,2.6458254,7.131612249999899,19.5528060954108,20160819105314
23.94066874372917,88.1098884962027,2.495964,6.444846896061816,22.076724848568915,20160819105317
23.940694530092784,88.10993041726479,2.2859018,5.135390486174556,31.011199884590667,20160819105320
23.94071157647554,88.1099739831855,2.129471,4.81620860061229,43.38212074038222,20160819105323
23.940726683802083,88.11002120968591,2.0307186,5.085038875383968,49.13883128609325,20160819105326
23.940729604189972,88.11005186805168,1.8489311,3.1326357157632985,75.55578880204087,20160819105329
23.940727086276897,88.1100831035148,1.738249,3.1867316558060805,77.70162896276958,20160819105332
23.940716820472208,88.11011324916664,1.6239859,3.2694043494205864,47.356755370016856,20160819105335
23.940698948639586,88.11013585995546,1.4892452,3.038013190138301,25.070590698592127,20160819105338
23.940672260271917,88.11015476951005,1.4287933,3.5355097322359077,14.679929234030851,20160819105341
23.940644589281202,88.11016642075073,1.3761894,3.296852751903754,8.848345598803348,20160819105344
23.940608710516646,88.11017828357737,1.38019,4.16771816924965,6.968659134968107,20160819105347
23.940572883689313,88.11017853405757,1.333418,3.9838427669388756,0.14807191600368697,20160819105350
23.940546102548133,88.11017774440711,1.3095382,2.9790081587376256,0.6244073325067916,20160819105353
23.94051540654601,88.1101755904269,1.2749987,3.420252187656915,1.4856222701562558,20160819105356
23.94048122719665,88.1101770481556,1.2800564,3.8034565422849003,0.9029953033148104,20160819105359
23.940442157645215,88.11019842323992,1.2209227,4.857182794785589,11.429306033742705,20160819105402
23.940416001401495,88.11020142977415,1.1988612,2.9244475117418847,2.432019909567657,20160819105405
23.940393351246993,88.11019731689835,1.1676775,2.5530312972907057,3.838279480014336,20160819105408
23.94036101200193,88.1101938030097,1.1716068,3.613648703593714,2.2988054344007196,20160819105411
23.940332824623084,88.11019004175851,1.140428,3.1575166874659715,2.8221016794423974,20160819105414
23.940302321391,88.11018586931165,1.1259534,3.418208441053191,2.8926031272231114,20160819105417
23.940275862489543,88.11018449909369,1.1114979,2.9453892927350043,1.0958449326790003,20160819105420
23.94024545950247,88.11018548115058,1.1000583,3.3821308414090696,0.6835193110539421,20160819105423
23.94021726594693,88.11018858524554,1.0678989,3.1508126047803864,2.328445846068689,20160819105426
23.94019392885389,88.11019214302833,1.0259836,2.6200353880415657,3.2223232066287437,20160819105429
23.94017309139346,88.1101966489089,0.9755416,2.3618379323990673,4.565477528756901,20160819105432
23.940154725912326,88.1101994768255,0.91929466,2.062272354993211,3.2542337726083588,20160819105435
23.940135580825785,88.11020174451099,0.8594698,2.141274768204954,2.5042616814796475,20160819105438
23.940116628957394,88.11020642452276,0.7920445,2.1603585631185216,5.209618148075492,20160819105441
23.94009905223366,88.11021114655394,0.7531795,2.0124970301252634,5.664526550390633,20160819105444
23.94008279352831,88.11021423562184,0.6983211,1.834940733929112,4.012397053078189,20160819105447
23.940073638201227,88.11021496960574,0.6443931,1.0207551311181928,1.6953099032692762,20160819105450
23.94006431405556,88.11021746713132,0.6004167,1.0674148248666964,5.6473443132133525,20160819105453
23.94005277641202,88.11021928545047,0.56413734,1.2961680096534278,3.3296921047785872,20160819105456
23.940040401271183,88.11022094901982,0.4151357,1.3864000407313242,2.840936280291544,20160819105500
23.94002948215521,88.11022157517466,0.3348848,1.2158167697094548,1.212674742891295,20160819105503
23.94001916761805,88.11021913568513,0.67824894,1.1734141511296066,4.989454545857484,20160819105506
23.940008095469373,88.11021681111437,0.0,1.2536277883017353,4.431341438660382,20160819105509
23.93998700290765,88.11021512744381,0.5400958,2.351619295160624,1.6876043598586818,20160819105512
23.939967225187146,88.11022628693361,0.5880142,2.4743982481942295,11.763892936019033,20160819105515
23.939956284465985,88.11023286860716,0.0,1.3883127947938008,12.518051968639384,20160819105518
23.939937432449117,88.11022916657915,0.4151992,2.1297440728827945,4.145123476722404,20160819105521
23.939921170906004,88.11023162298046,0.453821,1.8253525976379648,3.190691047422888,20160819105524
23.939931591379498,88.11023248660925,0.0,1.1620232296129485,1.7519114948043466,20160819105537
23.939940463860307,88.11022908898607,0.0,1.0452559181714214,8.044167530713423,20160819105544
23.939944094035706,88.1102190199625,0.0,1.1000414378855958,45.670184383248795,20160819105559
23.939938919763872,88.11020987703283,0.0,1.0928945298351957,33.10921534700816,20160819105602
23.93994062384896,88.11019910003316,0.42445374,1.111525628015194,66.80761893312626,20160819105618
23.939937415135407,88.11021421770951,0.6570758,1.57727846112315,60.095867091064065,20160819105636
23.93994182159798,88.11023841711763,0.5250173,2.5076948247421753,63.739322477053065,20160819105639
23.939960185698396,88.11025604407058,0.71622187,2.716411030852372,19.507334700263755,20160819105642
23.939983293195198,88.11027360269489,0.75348556,3.128308985322004,15.667007168370844,20160819105645
23.93999347502116,88.11030113874904,0.8147784,3.0188045004165134,44.94950479021969,20160819105648
23.94000749974821,88.1103280188465,0.7987788,3.1455809384510527,35.2782915636883,20160819105651
23.940015179115694,88.11035250975569,0.77811587,2.63138763827693,49.653746865983976,20160819105654
23.940029129125136,88.11038854539811,0.8036517,3.97722259840944,43.63878764586798,20160819105657
23.940038862091924,88.11040924679891,0.7663452,2.3659054341600942,38.1377234127242,20160819105700
23.940045563116954,88.11042259570785,0.71686584,1.5477925806647506,36.33030765845541,20160819105703
23.94005584280383,88.11043845043434,0.71112484,1.9755614271874553,29.656298061110476,20160819105706
23.94005868494729,88.11046009499837,0.7334903,2.2222989633786363,70.42049432901104,20160819105709
23.94006042051694,88.1104740456392,0.5308686,1.4308621845640688,71.37684172035677,20160819105712
23.940061660149787,88.11049300774646,0.48917413,1.9320211181778326,79.95843611883333,20160819105715
23.940055579067565,88.110522217356,0.84660226,3.0445781265932603,60.57894099837853,20160819105718
23.9400427991862,88.1105394966449,0.5756669,2.259027407590829,26.52465775064934,20160819105721
23.940030376712,88.11055502482061,0.5576358,2.097252893375984,24.769933536498343,20160819105724
23.940033534071354,88.11057395055663,0.6090537,1.9551810925953306,65.68061502408534,20160819105727
23.940039394010228,88.11058930262678,0.6068682,1.6908117185800369,44.04237731905624,20160819105730
23.940045137271753,88.11060958953065,0.6267316,2.158376954197806,52.516080885469535,20160819105733
23.94004868587884,88.11062361490508,0.5928848,1.4789916549518625,55.57437222831152,20160819105736
23.94005086789687,88.11063519498612,0.44173977,1.201621299197361,62.95938875420177,20160819105739
23.940056707113065,88.11064540157936,0.45840928,1.22373959154164,32.83343045800524,20160819105742
23.940065609253796,88.11066397522428,0.6846796,2.1314203383100203,37.605623167054944,20160819105745
23.94008423116315,88.11069423343783,0.7363741,3.707280601387887,30.959312241261443,20160819105748
23.94011467118104,88.11070801874503,0.8109618,3.6632586886103247,9.49250568985127,20160819105751
23.94014141072104,88.11072014804311,0.8429407,3.218700904531626,9.50838490349264,20160819105754
23.940160364489728,88.11072580866309,0.8376094,2.184667229063003,6.293252030541453,20160819105757
23.940169911369626,88.11073568078048,0.8537514,1.4606550119097625,20.899472017814958,20160819105800
23.940208573800263,88.11075667252936,0.940916,4.799293610688282,11.338340588359472,20160819105803
23.940253164112658,88.11076437859113,1.0467412,5.019685896645928,3.652268592647374,20160819105806
23.940294787836965,88.1107770431375,1.1624141,4.803974865756818,6.412615408146735,20160819105809
23.94032572499965,88.11078393656099,1.1384923,3.510666570447463,4.705603250532192,20160819105812
23.940339239086068,88.11078909073144,1.0185317,1.591376531944054,8.020034520196646,20160819105815
23.940347361453266,88.11080268827175,0.9465109,1.6508651569608912,31.735577144599233,20160819105818
23.940356993000737,88.11082113946017,0.91615576,2.159457468826532,35.28902956845843,20160819105821
23.940373719696513,88.11083965213388,0.9056351,2.645571625369553,22.240202979455717,20160819105824
23.94039794852462,88.11086981187957,0.95326746,4.080820386954758,24.699184396540318,20160819105827
23.940422138983926,88.11089760310315,1.0118209,3.900316375115726,23.00167919161248,20160819105830
23.940436759989897,88.1109120220661,1.0537047,2.1887213725066244,20.02245387732046,20160819105833
23.940466489180036,88.11094310258974,1.1538426,4.572206872991112,21.123887236713642,20160819105836
23.940488779129083,88.11097331726113,1.1505591,3.9461552664596864,26.609193798356728,20160819105839
23.940500300986855,88.11100671862637,1.1493953,3.6282569717716906,46.97443671359963,20160819105842
23.940515325497294,88.11105021996089,1.2051083,4.726108604768685,46.94015737778341,20160819105845
23.94052963034332,88.11107953225049,1.1661955,3.3770284645766324,37.139303478475995,20160819105848
23.940548858471598,88.11110613470211,1.1591055,3.446827639195497,27.08447651814214,20160819105851
23.94056921087561,88.11113820045372,1.164113,3.9675290092318454,30.215952779096938,20160819105854
23.94057112194937,88.11116780834641,1.1197823,3.0164993496002483,80.09582697456511,20160819105857
23.94054896553488,88.11119898049944,1.2333804,4.0132047628631575,27.47554270460614,20160819105900
23.940533554231074,88.11122920657819,1.2189715,3.5174951892121826,35.938541191619834,20160819105903
23.940513228616698,88.11125400104366,1.1581575,3.384906487497341,24.26811351923334,20160819105906
23.94049423047218,88.11127394150806,1.0784116,2.927358602569037,21.201399844894468,20160819105909
23.940475795014684,88.11128884149801,1.0563384,2.548569528866523,16.630013981889306,20160819105912
23.940458977407427,88.1113100620231,1.0432597,2.8544692193493706,24.998938265783863,20160819105915
23.94044484075178,88.11133192557854,1.0811477,2.721775316943831,29.748053197760214,20160819105918
23.940418088414567,88.11136399288068,1.0508922,4.412456106368089,23.88899759585445,20160819105921
23.940401853880886,88.11140463133002,1.0414758,4.507313754604383,42.76535430674551,20160819105924
23.94040604481179,88.1114336989601,0.9988996,2.9906335126735684,68.68450413391497,20160819105927
23.940416709837084,88.11146370909084,0.94162,3.272333356419669,46.116342658852886,20160819105930
23.94040725226475,88.11151215731671,0.96507525,5.034779685973172,62.1506228704834,20160819105933
23.940403297906347,88.1115442738863,0.9057066,3.293446454094935,71.56953195733888,20160819105936
23.940398123041753,88.11157397686806,0.8233039,3.0730265101030496,64.75435119631425,20160819105939
23.940393307611252,88.11159166064716,0.0,1.8752484898421162,53.60931279588016,20160819105942
23.940384132269912,88.11159475730464,0.0,1.067686613742913,7.107836776828094,20160819105950
23.940397431674604,88.11159304858705,0.6783404,1.4889873185052138,2.717873374607393,20160819110011
23.940417787620724,88.11160661633872,0.932959,2.650399868705781,13.835611485038214,20160819110014
23.940422378234054,88.11163924707921,1.0181231,3.3552723959482895,69.15720698332063,20160819110017
23.940417502325598,88.11166349087505,1.0014155,2.5228110509831096,61.440034365610245,20160819110020
23.940398552639046,88.11167507245308,0.9541249,2.4135624173087753,12.72504885461285,20160819110023
23.940388587797923,88.11168599412031,0.36821648,1.5683589727610088,22.045532307367125,20160819110026
23.940395480420054,88.11169299442143,0.0,1.0457249383287277,20.56879077416744,20160819110035
23.940388328475784,88.11169988049787,0.0,1.0593345876132274,19.58246445587713,20160819110101
23.94037812687857,88.11169605594723,0.0,1.1991084194501722,7.885941105770996,20160819110104
23.940370241784102,88.11168672765463,0.44481477,1.2913142643159425,23.609089298748387,20160819110114
23.940364732868236,88.11167868136326,0.5237229,1.0217251652787434,28.352152601054513,20160819110117
23.940354714630544,88.11166353361837,0.6352112,1.900219820686707,29.187823786983728,20160819110120
23.940351759381823,88.11164604187258,0.6093213,1.8077797235884765,65.4242397206325,20160819110123
23.94035853558549,88.1116383731219,0.0,1.0840390790468997,22.690300439270572,20160819110135
23.94035642523771,88.11164856533553,0.0,1.062068804276339,60.731397411244416,20160819110144
23.940365001830976,88.11164047206499,0.0,1.2593700859470638,19.22025273498491,20160819110214
23.940375060695914,88.11164322035305,0.0,1.152840688756184,5.7641764722986295,20160819110219
